Filename,Size,Unit
PinkFloydSept-27-1987cd1Track01.flac,53.3,M
PinkFloydSept-27-1987cd1Track06.flac,47.41,M
PinkFloydSept-27-1987cd1Track02.flac,44.38,M
PinkFloydSept-27-1987cd2Track08.flac,41.74,M
PinkFloydSept-27-1987cd2Track04.flac,41.68,M
PinkFloydSept-27-1987cd1Track07.flac,37.57,M
PinkFloydSept-27-1987cd1Track08.flac,36.66,M
PinkFloydSept-27-1987cd2Track06.flac,35.45,M
PinkFloydSept-27-1987cd2Track10.flac,34.91,M
PinkFloydSept-27-1987cd1Track04.flac,34.67,M
PinkFloydSept-27-1987cd2Track05.flac,32.87,M
PinkFloydSept-27-1987cd1Track03.flac,32.55,M
PinkFloydSept-27-1987cd1Track10.flac,31.87,M
PinkFloydSept-27-1987cd2Track09.flac,28.48,M
PinkFloydSept-27-1987cd2Track01.flac,25.97,M
PinkFloydSept-27-1987cd2Track07.flac,23.86,M
PinkFloydSept-27-1987cd2Track03.flac,22.01,M
PinkFloydSept-27-1987cd2Track02.flac,20.63,M
PinkFloydSept-27-1987cd1Track05.flac,2.95,M
PinkFloydSept-27-1987cd1Track09.flac,1.13,M
1987-09-27 - Rosemont Horizon (3rd night) - Analog Master RB-back.jpg,1.06,M
1987-09-27 - Rosemont Horizon (3rd night) - Analog Master RB-front.jpg,650.26,K
Pink Floyd Sept. 27th 1987.txt,2.95,K
PF - 1987-09-27 - Rosemont Horizon (3rd night) - Analog Master RB.md5,1.52,K
Torrent downloaded from VeryRare.org.txt,47,B
