Title,Type,Files,Size,IMDB,Spoken Languages,Texted Languages,Tags,Quality (+),Quality (-),Uploaded,By,User Type,Seeders,Leechers,Info Hash,Picture,Capture Date
Vexed.S01.DVDRip.H264-BONE,205,7,1.05 GiB (1122424147 Bytes),,,,,0,0,2012-10-05T04:09:12Z,.BONE.,[V],2,152,E1E83B59F69C09704CB27C3B3F6E1F38FFEE6CCC,http://image.bayimg.com/kadpkaaej.jpg,2012-10-05T14:02:51Z
