Filename,Size,Unit
info.txt,709,B
Life Happens 2011 LIMITED BDRip XviD-PSYCHD .avi,700.82,M
