User Type,Username,Date,Text
,LurchyBoy,2012-11-17T17:37Z,Please Seed....
,SIMON-UK,2012-11-17T23:56Z,ill seed.. once recieved ...
