Filename,Size,Unit
Paul.S02E05.NL.XViD-SHOWGEMiST.avi,484.77,M
Paul.S02E05.NL.XViD-SHOWGEMiST.nfo,1.59,K
SHOWGEMiST @ Twitter.nfo,44,B
