Filename,Size,Unit
Swingers.XXX.b.avi,700.77,M
Swingers.XXX.a.avi,698.11,M
