Title,Type,Files,Size,IMDB,Spoken Languages,Texted Languages,Tags,Quality (+),Quality (-),Uploaded,By,User Type,Seeders,Leechers,Info Hash,Picture,Capture Date
KarupsPC Isabella Chrystin Hardcore.mp4,506,1,400.5 MiB (419950739 Bytes),,,,,0,0,2012-11-20T14:41:56Z,christian786,,5,7,D94E7414A83EE5F90190D33771F89ADBCDCDCC80,,2012-12-02T17:20:40Z
