Filename,Size,Unit
crime.after.crime.2011.limited.docu.dvdrip.xvid-nodlabs.avi,699.95,M
crime.after.crime.2011.limited.docu.dvdrip.xvid-nodlabs.sample.avi,15.11,M
crime.after.crime.2011.limited.docu.dvdrip.xvid-nodlabs.sub,8.19,M
crime.after.crime.2011.limited.docu.dvdrip.xvid-nodlabs.idx,87.69,K
crime.after.crime.2011.limited.docu.dvdrip.xvid-nodlabs.nfo,36.04,K
Torrent Downloaded From ExtraTorrent.com.txt,353,B
