Filename,Size,Unit
"Pics RtB - May 12, 2012 - Claire Adams/claire_001.jpg",224.47,K
"Pics RtB - May 12, 2012 - Claire Adams/claire_002.jpg",242.42,K
"Pics RtB - May 12, 2012 - Claire Adams/claire_003.jpg",197.53,K
"Pics RtB - May 12, 2012 - Claire Adams/claire_004.jpg",227.31,K
"Pics RtB - May 12, 2012 - Claire Adams/claire_005.jpg",251.47,K
"Pics RtB - May 12, 2012 - Claire Adams/claire_006.jpg",251.45,K
"Pics RtB - May 12, 2012 - Claire Adams/claire_007.jpg",214.81,K
"Pics RtB - May 12, 2012 - Claire Adams/claire_008.jpg",246.94,K
"Pics RtB - May 12, 2012 - Claire Adams/claire_009.jpg",207.54,K
"Pics RtB - May 12, 2012 - Claire Adams/claire_010.jpg",215.52,K
"Pics RtB - May 12, 2012 - Claire Adams/claire_011.jpg",211.07,K
"Pics RtB - May 12, 2012 - Claire Adams/claire_012.jpg",222.56,K
"Pics RtB - May 12, 2012 - Claire Adams/claire_013.jpg",256.32,K
"Pics RtB - May 12, 2012 - Claire Adams/claire_014.jpg",228.31,K
"Pics RtB - May 12, 2012 - Claire Adams/claire_015.jpg",203.93,K
"Pics RtB - May 12, 2012 - Claire Adams/claire_016.jpg",266.04,K
"Pics RtB - May 12, 2012 - Claire Adams/claire_017.jpg",289.99,K
"Pics RtB - May 12, 2012 - Claire Adams/claire_018.jpg",284.97,K
"Pics RtB - May 12, 2012 - Claire Adams/claire_019.jpg",269,K
"Pics RtB - May 12, 2012 - Claire Adams/claire_020.jpg",247.92,K
"Pics RtB - May 12, 2012 - Claire Adams/claire_021.jpg",251.53,K
"Pics RtB - May 12, 2012 - Claire Adams/claire_022.jpg",259.37,K
"Pics RtB - May 12, 2012 - Claire Adams/claire_023.jpg",249.41,K
"Pics RtB - May 12, 2012 - Claire Adams/claire_024.jpg",221.02,K
"Pics RtB - May 12, 2012 - Claire Adams/claire_025.jpg",268.6,K
"Pics RtB - May 12, 2012 - Claire Adams/claire_026.jpg",250.5,K
"Pics RtB - May 12, 2012 - Claire Adams/claire_027.jpg",278.18,K
"Pics RtB - May 12, 2012 - Claire Adams/claire_028.jpg",206.21,K
"Pics RtB - May 12, 2012 - Claire Adams/claire_029.jpg",245.12,K
"Pics RtB - May 12, 2012 - Claire Adams/claire_030.jpg",222.28,K
"Pics RtB - May 12, 2012 - Claire Adams/claire_031.jpg",231.11,K
"Pics RtB - May 12, 2012 - Claire Adams/claire_032.jpg",257.24,K
"Pics RtB - May 12, 2012 - Claire Adams/claire_033.jpg",252.86,K
"Pics RtB - May 12, 2012 - Claire Adams/claire_034.jpg",259.99,K
"Pics RtB - May 12, 2012 - Claire Adams/claire_035.jpg",231.04,K
"Pics RtB - May 12, 2012 - Claire Adams/claire_036.jpg",226.08,K
"Pics RtB - May 12, 2012 - Claire Adams/claire_037.jpg",226.25,K
"Pics RtB - May 12, 2012 - Claire Adams/claire_038.jpg",236.01,K
"Pics RtB - May 12, 2012 - Claire Adams/claire_039.jpg",214.93,K
"Pics RtB - May 12, 2012 - Claire Adams/claire_040.jpg",230.49,K
"Pics RtB - May 12, 2012 - Claire Adams/claire_041.jpg",247.11,K
"Pics RtB - May 12, 2012 - Claire Adams/claire_042.jpg",239.02,K
"Pics RtB - May 12, 2012 - Claire Adams/claire_043.jpg",256.81,K
"Pics RtB - May 12, 2012 - Claire Adams/claire_044.jpg",234.33,K
"Pics RtB - May 12, 2012 - Claire Adams/claire_045.jpg",226.29,K
"Pics RtB - May 12, 2012 - Claire Adams/claire_046.jpg",248.42,K
"Pics RtB - May 12, 2012 - Claire Adams/claire_047.jpg",232.12,K
"Pics RtB - May 12, 2012 - Claire Adams/claire_048.jpg",235.12,K
"Pics RtB - May 12, 2012 - Claire Adams/claire_049.jpg",247.83,K
"Pics RtB - May 12, 2012 - Claire Adams/claire_050.jpg",244.57,K
"Pics RtB - May 12, 2012 - Claire Adams/claire_051.jpg",274.25,K
"Pics RtB - May 12, 2012 - Claire Adams/claire_052.jpg",222.77,K
"Pics RtB - May 12, 2012 - Claire Adams/claire_053.jpg",229.97,K
"Pics RtB - May 12, 2012 - Claire Adams/claire_054.jpg",234.02,K
"Pics RtB - May 12, 2012 - Claire Adams/claire_055.jpg",201.69,K
"Pics RtB - May 12, 2012 - Claire Adams/claire_056.jpg",214.86,K
"Pics RtB - May 12, 2012 - Claire Adams/claire_057.jpg",221.73,K
"Pics RtB - May 12, 2012 - Claire Adams/claire_058.jpg",223.54,K
"Pics RtB - May 12, 2012 - Claire Adams/claire_059.jpg",234.54,K
"Pics RtB - May 12, 2012 - Claire Adams/claire_060.jpg",225.98,K
"Pics RtB - May 12, 2012 - Claire Adams/claire_061.jpg",228.93,K
"RtB - May 12, 2012 - Claire Adams.mp4",702.88,M
