Filename,Size,Unit
front.jpg,84.5,K
party.of.three.3.xxx.dvdrip.xvid-pr0nstars.nfo,11.01,K
ps-pof3a.avi,702.19,M
ps-pof3b.avi,700.37,M
ps-pof3c.avi,700.42,M
Torrent downloaded from rarbg.com.txt,61,B
