Filename,Size,Unit
Tara Reid - Sexy (HD) - The Big Lebowski [TorridTaryn].mp4,99.82,M
