User Type,Username,Date,Text
,nomimanni,2012-04-21T02:27Z,"Excellent quality as always, thankyou! :)"
