Filename,Size,Unit
Incognito - Crazy For You - 02 - Crazy For You (12' Mix).mp3,6.06,M
Incognito - Crazy For You - 04 - Love Is The Colour (Rhyme 'n' Reason).mp3,4.99,M
Incognito - Crazy For You - 03 - Love Is The Colour.mp3,3.86,M
Incognito - Crazy For You - 01 - Crazy For You (Edit Version).mp3,3.45,M
