Filename,Size,Unit
Wolverine - Weapon X 10 [Supermancho & Nirvandalo][L9D].cbr,15.24,M
Wolverine - Weapon X 01 [Missing & Nirvandalo][L9D]/esp/wwx_01_028.jpg,1.19,M
Wolverine - Weapon X 04 [Supermancho & Nirvandalo][L9D]/esp/wwx_04_021 022.jpg,1.01,M
Wolverine - Weapon X 09 [Supermancho & Nirvandalo][L9D]/esp/Wolverine_Weapon_X_9_0013 copy.jpg,958.06,K
Wolverine - Weapon X 01 [Missing & Nirvandalo][L9D]/esp/wwx_01_026.jpg,953.91,K
Wolverine - Weapon X 01 [Missing & Nirvandalo][L9D]/esp/wwx_01_027.jpg,948.35,K
Wolverine - Weapon X 08 [Supermancho & Nirvandalo][L9D]/esp/WWX_08_0020 copy.jpg,915.26,K
Wolverine - Weapon X 09 [Supermancho & Nirvandalo][L9D]/esp/Wolverine_Weapon_X_9_0014 copy.jpg,887.53,K
Wolverine - Weapon X 09 [Supermancho & Nirvandalo][L9D]/esp/Wolverine_Weapon_X_9_0015 copy.jpg,883.99,K
Wolverine - Weapon X 12 [Supermancho & Nirvandalo][L9D]/esp/Wolverine_WX11_0011 copy.jpg,880.06,K
Wolverine - Weapon X 08 [Supermancho & Nirvandalo][L9D]/esp/WWX_08_0023 copy.jpg,875.49,K
Wolverine - Weapon X 08 [Supermancho & Nirvandalo][L9D]/esp/WWX_08_0015 copy.jpg,874.69,K
Wolverine - Weapon X 09 [Supermancho & Nirvandalo][L9D]/esp/Wolverine_Weapon_X_9_0011 copy.jpg,873.48,K
Wolverine - Weapon X 01 [Missing & Nirvandalo][L9D]/esp/wwx_01_029.jpg,863.18,K
Wolverine - Weapon X 06 [Supermancho & Nirvandalo][L9D]/esp/Wolverine_WeaponX_06_.jpg,861.28,K
Wolverine - Weapon X 06 [Supermancho & Nirvandalo][L9D]/esp/Wolverine_WeaponX_06_0008.jpg,857.4,K
Wolverine - Weapon X 09 [Supermancho & Nirvandalo][L9D]/esp/Xx-Megatoons-xX.jpg,857.34,K
Wolverine - Weapon X 12 [Supermancho & Nirvandalo][L9D]/esp/Xx-Megatoons-xX.jpg,857.34,K
Wolverine - Weapon X 16 [cconnor & Nirvandalo][L9D]/esp/Xx-Megatoons-xX.jpg,857.34,K
Wolverine - Weapon X 08 [Supermancho & Nirvandalo][L9D]/esp/Xx-Megatoons-xX.jpg,857.34,K
Wolverine - Weapon X 11 [Supermancho & Nirvandalo][L9D]/esp/Xx-Megatoons-xX.jpg,857.34,K
Wolverine - Weapon X 13 [cconnor & Nirvandalo][L9D]/esp/Xx-Megatoons-xX.jpg,857.34,K
Wolverine - Weapon X 15 [cconnor & Nirvandalo][L9D]/esp/Xx-Megatoons-xX.jpg,857.34,K
Wolverine - Weapon X 14 [cconnor & Nirvandalo][L9D]/esp/Xx-Megatoons-xX.jpg,857.34,K
Wolverine - Weapon X 14 [cconnor & Nirvandalo][L9D]/esp/Weapon_X_14_0006 copy.jpg,856.84,K
Wolverine - Weapon X 06 [Supermancho & Nirvandalo][L9D]/esp/Wolverine_WeaponX_06_0009.jpg,850.51,K
Wolverine - Weapon X 12 [Supermancho & Nirvandalo][L9D]/esp/Wolverine_WX11_0017 copy.jpg,848.2,K
Wolverine - Weapon X 08 [Supermancho & Nirvandalo][L9D]/esp/WWX_08_0016 copy.jpg,847.57,K
Wolverine - Weapon X 09 [Supermancho & Nirvandalo][L9D]/esp/Wolverine_Weapon_X_9_0017 copy.jpg,845.79,K
Wolverine - Weapon X 01 [Missing & Nirvandalo][L9D]/esp/wwx_01_030.jpg,844.19,K
Wolverine - Weapon X 14 [cconnor & Nirvandalo][L9D]/esp/Weapon_X_14_0023 copy.jpg,841.94,K
Wolverine - Weapon X 09 [Supermancho & Nirvandalo][L9D]/esp/Wolverine_Weapon_X_9_0020 copy.jpg,836.53,K
Wolverine - Weapon X 09 [Supermancho & Nirvandalo][L9D]/esp/Wolverine_Weapon_X_9_0001 copy.jpg,832.69,K
Wolverine - Weapon X 13 [cconnor & Nirvandalo][L9D]/esp/Wolverine_WeaponX_0002 copy.jpg,829.38,K
Wolverine - Weapon X 15 [cconnor & Nirvandalo][L9D]/esp/WeaponX_15_0002 copy.jpg,829.15,K
Wolverine - Weapon X 14 [cconnor & Nirvandalo][L9D]/esp/Weapon_X_14_0008 copy.jpg,823.53,K
Wolverine - Weapon X 14 [cconnor & Nirvandalo][L9D]/esp/Weapon_X_14_0007 copy.jpg,819.99,K
Wolverine - Weapon X 12 [Supermancho & Nirvandalo][L9D]/esp/Wolverine_WX11_0002 copy.jpg,819.14,K
Wolverine - Weapon X 15 [cconnor & Nirvandalo][L9D]/esp/WeaponX_15_0001 copy.jpg,817.48,K
Wolverine - Weapon X 12 [Supermancho & Nirvandalo][L9D]/esp/Wolverine_WX11_0010 copy.jpg,817.22,K
Wolverine - Weapon X 09 [Supermancho & Nirvandalo][L9D]/esp/Wolverine_Weapon_X_9_0000 copy.jpg,814.97,K
Wolverine - Weapon X 09 [Supermancho & Nirvandalo][L9D]/esp/Wolverine_Weapon_X_9_0010 copy.jpg,814.89,K
Wolverine - Weapon X 06 [Supermancho & Nirvandalo][L9D]/esp/Wolverine_WeaponX_06_0020.jpg,814.83,K
Wolverine - Weapon X 08 [Supermancho & Nirvandalo][L9D]/esp/WWX_08_0014 copy.jpg,814.56,K
Wolverine - Weapon X 08 [Supermancho & Nirvandalo][L9D]/esp/WWX_08_0013 copy.jpg,812.36,K
Wolverine - Weapon X 08 [Supermancho & Nirvandalo][L9D]/esp/WWX_08_0003 copy.jpg,811.12,K
Wolverine - Weapon X 16 [cconnor & Nirvandalo][L9D]/esp/Weapon_X_15_0012 copy.jpg,808.55,K
Wolverine - Weapon X 09 [Supermancho & Nirvandalo][L9D]/esp/Wolverine_Weapon_X_9_0016 copy.jpg,808,K
Wolverine - Weapon X 09 [Supermancho & Nirvandalo][L9D]/esp/Wolverine_Weapon_X_9_0012 copy.jpg,806.61,K
Wolverine - Weapon X 08 [Supermancho & Nirvandalo][L9D]/esp/WWX_08_0002 copy.jpg,805.7,K
Wolverine - Weapon X 15 [cconnor & Nirvandalo][L9D]/esp/WeaponX_15_0017 copy.jpg,804.33,K
Wolverine - Weapon X 15 [cconnor & Nirvandalo][L9D]/esp/WeaponX_15_0019 copy.jpg,804.26,K
Wolverine - Weapon X 08 [Supermancho & Nirvandalo][L9D]/esp/WWX_08_0007 copy.jpg,799.19,K
Wolverine - Weapon X 08 [Supermancho & Nirvandalo][L9D]/esp/WWX_08_0001 copy.jpg,796.05,K
Wolverine - Weapon X 15 [cconnor & Nirvandalo][L9D]/esp/WeaponX_15_0012 copy.jpg,794.27,K
Wolverine - Weapon X 06 [Supermancho & Nirvandalo][L9D]/esp/Wolverine_WeaponX_06_0016.jpg,794.13,K
Wolverine - Weapon X 14 [cconnor & Nirvandalo][L9D]/esp/Weapon_X_14_0021 copy.jpg,792.46,K
Wolverine - Weapon X 13 [cconnor & Nirvandalo][L9D]/esp/Wolverine_WeaponX_0001 copy.jpg,786.71,K
Wolverine - Weapon X 09 [Supermancho & Nirvandalo][L9D]/esp/Wolverine_Weapon_X_9_0007 copy.jpg,784.65,K
Wolverine - Weapon X 12 [Supermancho & Nirvandalo][L9D]/esp/Wolverine_WX11_0004 copy.jpg,784.24,K
Wolverine - Weapon X 04 [Supermancho & Nirvandalo][L9D]/esp/wwx_04_002a.jpg,783.78,K
Wolverine - Weapon X 03 [Supermancho & Nirvandalo][L9D]/esp/zzzDangerPowers 03-dts.jpg,783.17,K
Wolverine - Weapon X 04 [Supermancho & Nirvandalo][L9D]/esp/zzzDangerPowers 03-dts.jpg,783.17,K
Wolverine - Weapon X 15 [cconnor & Nirvandalo][L9D]/esp/WeaponX_15_0004 copy.jpg,780.2,K
Wolverine - Weapon X 08 [Supermancho & Nirvandalo][L9D]/esp/WWX_08_0008 copy.jpg,779.25,K
Wolverine - Weapon X 06 [Supermancho & Nirvandalo][L9D]/esp/Wolverine_WeaponX_06_0004.jpg,779.04,K
Wolverine - Weapon X 08 [Supermancho & Nirvandalo][L9D]/esp/WWX_08_0005 copy.jpg,775.33,K
Wolverine - Weapon X 14 [cconnor & Nirvandalo][L9D]/esp/Weapon_X_14_0002 copy.jpg,774.83,K
Wolverine - Weapon X 08 [Supermancho & Nirvandalo][L9D]/esp/WWX_08_0017 copy.jpg,774.47,K
Wolverine - Weapon X 14 [cconnor & Nirvandalo][L9D]/esp/Weapon_X_14_0001 copy.jpg,774.35,K
Wolverine - Weapon X 06 [Supermancho & Nirvandalo][L9D]/esp/Wolverine_WeaponX_06_0018.jpg,773.63,K
Wolverine - Weapon X 06 [Supermancho & Nirvandalo][L9D]/esp/Wolverine_WeaponX_06_0017.jpg,767.61,K
Wolverine - Weapon X 08 [Supermancho & Nirvandalo][L9D]/esp/WWX_08_0019 copy.jpg,766.39,K
Wolverine - Weapon X 06 [Supermancho & Nirvandalo][L9D]/esp/Wolverine_WeaponX_06_0015.jpg,765.21,K
Wolverine - Weapon X 15 [cconnor & Nirvandalo][L9D]/esp/WeaponX_15_0003 copy.jpg,760.99,K
Wolverine - Weapon X 09 [Supermancho & Nirvandalo][L9D]/esp/Wolverine_Weapon_X_9_0023 copy.jpg,759.74,K
Wolverine - Weapon X 15 [cconnor & Nirvandalo][L9D]/esp/WeaponX_15_0005 copy.jpg,758.36,K
Wolverine - Weapon X 15 [cconnor & Nirvandalo][L9D]/esp/WeaponX_15_0018 copy.jpg,755.1,K
Wolverine - Weapon X 09 [Supermancho & Nirvandalo][L9D]/esp/Wolverine_Weapon_X_9_0008 copy.jpg,754.66,K
Wolverine - Weapon X 06 [Supermancho & Nirvandalo][L9D]/esp/Wolverine_WeaponX_06_0007.jpg,753.63,K
Wolverine - Weapon X 13 [cconnor & Nirvandalo][L9D]/esp/Wolverine_WeaponX_0013 copy.jpg,752.75,K
Wolverine - Weapon X 09 [Supermancho & Nirvandalo][L9D]/esp/Wolverine_Weapon_X_9_0019 copy.jpg,751.21,K
Wolverine - Weapon X 06 [Supermancho & Nirvandalo][L9D]/esp/Wolverine_WeaponX_06_0012.jpg,750.39,K
Wolverine - Weapon X 13 [cconnor & Nirvandalo][L9D]/esp/Wolverine_WeaponX_0003 copy.jpg,749.6,K
Wolverine - Weapon X 16 [cconnor & Nirvandalo][L9D]/esp/Weapon_X_15_0009 copy.jpg,748.81,K
Wolverine - Weapon X 13 [cconnor & Nirvandalo][L9D]/esp/Wolverine_WeaponX_0009 copy.jpg,748.62,K
Wolverine - Weapon X 16 [cconnor & Nirvandalo][L9D]/esp/Weapon_X_15_0015 copy.jpg,747.79,K
Wolverine - Weapon X 09 [Supermancho & Nirvandalo][L9D]/esp/Wolverine_Weapon_X_9_0022 copy.jpg,747.57,K
Wolverine - Weapon X 16 [cconnor & Nirvandalo][L9D]/esp/Weapon_X_15_0005 copy.jpg,739.07,K
Wolverine - Weapon X 14 [cconnor & Nirvandalo][L9D]/esp/Weapon_X_14_0014 copy.jpg,735.8,K
Wolverine - Weapon X 12 [Supermancho & Nirvandalo][L9D]/esp/Wolverine_WX11_0001 copy.jpg,732.44,K
Wolverine - Weapon X 12 [Supermancho & Nirvandalo][L9D]/esp/Wolverine_WX11_0013 copy.jpg,732.17,K
Wolverine - Weapon X 15 [cconnor & Nirvandalo][L9D]/esp/WeaponX_15_0020 copy.jpg,731.55,K
Wolverine - Weapon X 16 [cconnor & Nirvandalo][L9D]/esp/Weapon_X_15_0001 copy.jpg,729.71,K
Wolverine - Weapon X 09 [Supermancho & Nirvandalo][L9D]/esp/Wolverine_Weapon_X_9_0006 copy.jpg,728.05,K
Wolverine - Weapon X 06 [Supermancho & Nirvandalo][L9D]/esp/Wolverine_WeaponX_06_0019.jpg,727.21,K
Wolverine - Weapon X 12 [Supermancho & Nirvandalo][L9D]/esp/Wolverine_WX11_0003 copy.jpg,726.83,K
Wolverine - Weapon X 11 [Supermancho & Nirvandalo][L9D]/esp/Wolverine_WX_11_0017 copy.jpg,726.28,K
Wolverine - Weapon X 15 [cconnor & Nirvandalo][L9D]/esp/WeaponX_15_0010 copy.jpg,722.98,K
Wolverine - Weapon X 16 [cconnor & Nirvandalo][L9D]/esp/Weapon_X_15_0018 copy.jpg,722.93,K
Wolverine - Weapon X 06 [Supermancho & Nirvandalo][L9D]/esp/Wolverine_WeaponX_06_0001.jpg,721.11,K
Wolverine - Weapon X 08 [Supermancho & Nirvandalo][L9D]/esp/WWX_08_0018 copy.jpg,720.21,K
Wolverine - Weapon X 06 [Supermancho & Nirvandalo][L9D]/esp/Wolverine_WeaponX_06_0013.jpg,718.38,K
Wolverine - Weapon X 15 [cconnor & Nirvandalo][L9D]/esp/WeaponX_15_0014 copy.jpg,717.6,K
Wolverine - Weapon X 09 [Supermancho & Nirvandalo][L9D]/esp/Wolverine_Weapon_X_9_0018 copy.jpg,713.61,K
Wolverine - Weapon X 11 [Supermancho & Nirvandalo][L9D]/esp/Wolverine_WX_11_0010 copy.jpg,711.02,K
Wolverine - Weapon X 14 [cconnor & Nirvandalo][L9D]/esp/Weapon_X_14_0020 copy.jpg,710.25,K
Wolverine - Weapon X 04 [Supermancho & Nirvandalo][L9D]/esp/wwx_04_003.jpg,710.06,K
Wolverine - Weapon X 12 [Supermancho & Nirvandalo][L9D]/esp/Wolverine_WX11_0006 copy.jpg,708.32,K
Wolverine - Weapon X 11 [Supermancho & Nirvandalo][L9D]/esp/Wolverine_WX_11_0006 copy.jpg,708.25,K
Wolverine - Weapon X 11 [Supermancho & Nirvandalo][L9D]/esp/Wolverine_WX_11_0013 copy.jpg,707.2,K
Wolverine - Weapon X 11 [Supermancho & Nirvandalo][L9D]/esp/Wolverine_WX_11_0012 copy.jpg,706.37,K
Wolverine - Weapon X 11 [Supermancho & Nirvandalo][L9D]/esp/Wolverine_WX_11_0023 copy.jpg,705.99,K
Wolverine - Weapon X 06 [Supermancho & Nirvandalo][L9D]/esp/Wolverine_WeaponX_06_0011.jpg,704.64,K
Wolverine - Weapon X 09 [Supermancho & Nirvandalo][L9D]/esp/Wolverine_Weapon_X_9_0021 copy.jpg,704.1,K
Wolverine - Weapon X 15 [cconnor & Nirvandalo][L9D]/esp/WeaponX_15_0016 copy.jpg,700.63,K
Wolverine - Weapon X 05 [Supermancho & Nirvandalo][L9D]/esp/WWX_5_0012.jpg,698.53,K
Wolverine - Weapon X 11 [Supermancho & Nirvandalo][L9D]/esp/Wolverine_WX_11_0011 copy.jpg,698.33,K
Wolverine - Weapon X 12 [Supermancho & Nirvandalo][L9D]/esp/Wolverine_WX11_0007 copy.jpg,697.45,K
Wolverine - Weapon X 14 [cconnor & Nirvandalo][L9D]/esp/Weapon_X_14_0011 copy.jpg,697.01,K
Wolverine - Weapon X 06 [Supermancho & Nirvandalo][L9D]/esp/Wolverine_WeaponX_06_0002.jpg,696.42,K
Wolverine - Weapon X 08 [Supermancho & Nirvandalo][L9D]/esp/WWX_08_0006 copy.jpg,694.68,K
Wolverine - Weapon X 12 [Supermancho & Nirvandalo][L9D]/esp/Wolverine_WX11_0022 copy.jpg,694.11,K
Wolverine - Weapon X 06 [Supermancho & Nirvandalo][L9D]/esp/Wolverine_WeaponX_06_0006.jpg,694.06,K
Wolverine - Weapon X 11 [Supermancho & Nirvandalo][L9D]/esp/Wolverine_WX_11_0021 copy.jpg,693.79,K
Wolverine - Weapon X 15 [cconnor & Nirvandalo][L9D]/esp/WeaponX_15_0015 copy.jpg,693.07,K
Wolverine - Weapon X 12 [Supermancho & Nirvandalo][L9D]/esp/Wolverine_WX11_0016 copy.jpg,691.03,K
Wolverine - Weapon X 12 [Supermancho & Nirvandalo][L9D]/esp/Wolverine_WX11_0005 copy.jpg,688.62,K
Wolverine - Weapon X 08 [Supermancho & Nirvandalo][L9D]/esp/WWX_08_0012 copy.jpg,687.45,K
Wolverine - Weapon X 05 [Supermancho & Nirvandalo][L9D]/esp/WWX_5_0001.jpg,686.45,K
Wolverine - Weapon X 16 [cconnor & Nirvandalo][L9D]/esp/Weapon_X_15_0006 copy.jpg,684.06,K
Wolverine - Weapon X 13 [cconnor & Nirvandalo][L9D]/esp/Wolverine_WeaponX_0014 copy.jpg,682.36,K
Wolverine - Weapon X 11 [Supermancho & Nirvandalo][L9D]/esp/Wolverine_WX_11_0000 copy.jpg,680.88,K
Wolverine - Weapon X 14 [cconnor & Nirvandalo][L9D]/esp/Weapon_X_14_0017 copy.jpg,680.71,K
Wolverine - Weapon X 13 [cconnor & Nirvandalo][L9D]/esp/Wolverine_WeaponX_0005 copy.jpg,680.19,K
Wolverine - Weapon X 14 [cconnor & Nirvandalo][L9D]/esp/Weapon_X_14_0019 copy.jpg,669.48,K
Wolverine - Weapon X 11 [Supermancho & Nirvandalo][L9D]/esp/Wolverine_WX_11_0018 copy.jpg,667.34,K
Wolverine - Weapon X 16 [cconnor & Nirvandalo][L9D]/esp/Weapon_X_15_0019 copy.jpg,665.64,K
Wolverine - Weapon X 15 [cconnor & Nirvandalo][L9D]/esp/WeaponX_15_0021 copy.jpg,665.5,K
Wolverine - Weapon X 12 [Supermancho & Nirvandalo][L9D]/esp/Wolverine_WX11_0021 copy.jpg,664.67,K
Wolverine - Weapon X 06 [Supermancho & Nirvandalo][L9D]/esp/Wolverine_WeaponX_06_0005.jpg,663.87,K
Wolverine - Weapon X 15 [cconnor & Nirvandalo][L9D]/esp/WeaponX_15_0008 copy.jpg,661.56,K
Wolverine - Weapon X 16 [cconnor & Nirvandalo][L9D]/esp/Weapon_X_15_0003 copy.jpg,661.22,K
Wolverine - Weapon X 16 [cconnor & Nirvandalo][L9D]/esp/Weapon_X_15_0007 copy.jpg,660.47,K
Wolverine - Weapon X 09 [Supermancho & Nirvandalo][L9D]/esp/Wolverine_Weapon_X_9_0009 copy.jpg,656.57,K
Wolverine - Weapon X 16 [cconnor & Nirvandalo][L9D]/esp/Weapon_X_15_0002 copy.jpg,654.98,K
Wolverine - Weapon X 06 [Supermancho & Nirvandalo][L9D]/esp/Wolverine_WeaponX_06_0021.jpg,654.15,K
Wolverine - Weapon X 13 [cconnor & Nirvandalo][L9D]/esp/Wolverine_WeaponX_0007 copy.jpg,652.4,K
Wolverine - Weapon X 01 [Missing & Nirvandalo][L9D]/esp/wwx_01_003.jpg,652.39,K
Wolverine - Weapon X 13 [cconnor & Nirvandalo][L9D]/esp/Wolverine_WeaponX_0008 copy.jpg,652.05,K
Wolverine - Weapon X 12 [Supermancho & Nirvandalo][L9D]/esp/Wolverine_WX11_0023 copy.jpg,651.22,K
Wolverine - Weapon X 11 [Supermancho & Nirvandalo][L9D]/esp/Wolverine_WX_11_0003 copy.jpg,650.46,K
Wolverine - Weapon X 14 [cconnor & Nirvandalo][L9D]/esp/Weapon_X_14_0022 copy.jpg,647.65,K
Wolverine - Weapon X 04 [Supermancho & Nirvandalo][L9D]/esp/wwx_04_008.jpg,647.25,K
Wolverine - Weapon X 06 [Supermancho & Nirvandalo][L9D]/esp/Wolverine_WeaponX_06_0014.jpg,642.11,K
Wolverine - Weapon X 16 [cconnor & Nirvandalo][L9D]/esp/Weapon_X_15_0021 copy.jpg,641.51,K
Wolverine - Weapon X 11 [Supermancho & Nirvandalo][L9D]/esp/Wolverine_WX_11_0001 copy.jpg,641.44,K
Wolverine - Weapon X 14 [cconnor & Nirvandalo][L9D]/esp/Weapon_X_14_0009 copy.jpg,641.37,K
Wolverine - Weapon X 02 [Supermancho & Nirvandalo][L9D]/pro/WeaponX-02 0008.jpg,639.89,K
Wolverine - Weapon X 14 [cconnor & Nirvandalo][L9D]/esp/Weapon_X_14_0010 copy.jpg,639.68,K
Wolverine - Weapon X 12 [Supermancho & Nirvandalo][L9D]/esp/Wolverine_WX11_0012 copy.jpg,638.71,K
Wolverine - Weapon X 13 [cconnor & Nirvandalo][L9D]/esp/Wolverine_WeaponX_0004 copy.jpg,638.12,K
Wolverine - Weapon X 07 [Supermancho & Nirvandalo][L9D]/esp/WWX_7_Legion_CPS_026.jpg,635.37,K
Wolverine - Weapon X 14 [cconnor & Nirvandalo][L9D]/esp/Weapon_X_14_0004 copy.jpg,633.67,K
Wolverine - Weapon X 14 [cconnor & Nirvandalo][L9D]/esp/Weapon_X_14_0016 copy.jpg,632.89,K
Wolverine - Weapon X 14 [cconnor & Nirvandalo][L9D]/esp/Weapon_X_14_0024 copy.jpg,632.2,K
Wolverine - Weapon X 14 [cconnor & Nirvandalo][L9D]/esp/Weapon_X_14_0025 copy.jpg,631.73,K
Wolverine - Weapon X 01 [Missing & Nirvandalo][L9D]/esp/wwx_01_005.jpg,631.3,K
Wolverine - Weapon X 16 [cconnor & Nirvandalo][L9D]/esp/Weapon_X_15_0016 copy.jpg,628.43,K
Wolverine - Weapon X 06 [Supermancho & Nirvandalo][L9D]/esp/Wolverine_WeaponX_06_0003.jpg,627.88,K
Wolverine - Weapon X 16 [cconnor & Nirvandalo][L9D]/esp/Weapon_X_15_0004 copy.jpg,627.04,K
Wolverine - Weapon X 03 [Supermancho & Nirvandalo][L9D]/esp/wwx_03_003.jpg,624.83,K
Wolverine - Weapon X 05 [Supermancho & Nirvandalo][L9D]/esp/WWX_5_0017.jpg,622.72,K
Wolverine - Weapon X 13 [cconnor & Nirvandalo][L9D]/esp/Wolverine_WeaponX_0011 copy.jpg,622.52,K
Wolverine - Weapon X 07 [Supermancho & Nirvandalo][L9D]/esp/WWX_7_Legion_CPS_008.jpg,621.66,K
Wolverine - Weapon X 11 [Supermancho & Nirvandalo][L9D]/esp/Wolverine_WX_11_0002 copy.jpg,621.23,K
Wolverine - Weapon X 11 [Supermancho & Nirvandalo][L9D]/esp/Wolverine_WX_11_0022 copy.jpg,621.05,K
Wolverine - Weapon X 08 [Supermancho & Nirvandalo][L9D]/esp/WWX_08_0022 copy.jpg,618.51,K
Wolverine - Weapon X 14 [cconnor & Nirvandalo][L9D]/esp/Weapon_X_14_0015 copy.jpg,618.27,K
Wolverine - Weapon X 01 [Missing & Nirvandalo][L9D]/esp/wwx_01_004.jpg,615.06,K
Wolverine - Weapon X 06 [Supermancho & Nirvandalo][L9D]/esp/Wolverine_WeaponX_06_0010.jpg,614.27,K
Wolverine - Weapon X 02 [Supermancho & Nirvandalo][L9D]/pro/WeaponX-02 0002.jpg,612.91,K
Wolverine - Weapon X 08 [Supermancho & Nirvandalo][L9D]/esp/WWX_08_0000 copy.jpg,610.48,K
Wolverine - Weapon X 11 [Supermancho & Nirvandalo][L9D]/esp/Wolverine_WX_11_0009 copy.jpg,610.23,K
Wolverine - Weapon X 11 [Supermancho & Nirvandalo][L9D]/esp/Wolverine_WX_11_0024 copy.jpg,609.85,K
Wolverine - Weapon X 13 [cconnor & Nirvandalo][L9D]/esp/Wolverine_WeaponX_0018 copy.jpg,609.81,K
Wolverine - Weapon X 12 [Supermancho & Nirvandalo][L9D]/esp/Wolverine_WX11_0024 copy.jpg,609.04,K
Wolverine - Weapon X 13 [cconnor & Nirvandalo][L9D]/esp/Wolverine_WeaponX_0020 copy.jpg,608.68,K
Wolverine - Weapon X 13 [cconnor & Nirvandalo][L9D]/esp/Wolverine_WeaponX_0016 copy.jpg,608.39,K
Wolverine - Weapon X 07 [Supermancho & Nirvandalo][L9D]/esp/WWX_7_Legion_CPS_005.jpg,607.46,K
Wolverine - Weapon X 11 [Supermancho & Nirvandalo][L9D]/esp/Wolverine_WX_11_0020 copy.jpg,607.14,K
Wolverine - Weapon X 13 [cconnor & Nirvandalo][L9D]/esp/Wolverine_WeaponX_0006 copy.jpg,606.47,K
Wolverine - Weapon X 12 [Supermancho & Nirvandalo][L9D]/esp/Wolverine_WX11_0014 copy.jpg,605.74,K
Wolverine - Weapon X 04 [Supermancho & Nirvandalo][L9D]/esp/wwx_04_001.jpg,605.25,K
Wolverine - Weapon X 11 [Supermancho & Nirvandalo][L9D]/esp/Wolverine_WX_11_0007 copy.jpg,604.76,K
Wolverine - Weapon X 15 [cconnor & Nirvandalo][L9D]/esp/WeaponX_15_0009 copy.jpg,604.58,K
Wolverine - Weapon X 07 [Supermancho & Nirvandalo][L9D]/esp/WWX_7_Legion_CPS_024.jpg,604.36,K
Wolverine - Weapon X 03 [Supermancho & Nirvandalo][L9D]/esp/wwx_03_010.jpg,603.73,K
Wolverine - Weapon X 11 [Supermancho & Nirvandalo][L9D]/esp/Wolverine_WX_11_0008 copy.jpg,602.56,K
Wolverine - Weapon X 08 [Supermancho & Nirvandalo][L9D]/esp/WWX_08_0011 copy.jpg,600.69,K
Wolverine - Weapon X 16 [cconnor & Nirvandalo][L9D]/esp/Weapon_X_15_0008 copy.jpg,597.19,K
Wolverine - Weapon X 13 [cconnor & Nirvandalo][L9D]/esp/Wolverine_WeaponX_0012 copy.jpg,597.06,K
Wolverine - Weapon X 07 [Supermancho & Nirvandalo][L9D]/esp/WWX_7_Legion_CPS_023.jpg,596.51,K
Wolverine - Weapon X 02 [Supermancho & Nirvandalo][L9D]/pro/WeaponX-02 0003.jpg,596.45,K
Wolverine - Weapon X 11 [Supermancho & Nirvandalo][L9D]/esp/Wolverine_WX_11_0015 copy.jpg,593.57,K
Wolverine - Weapon X 14 [cconnor & Nirvandalo][L9D]/esp/Weapon_X_14_0013 copy.jpg,593.57,K
Wolverine - Weapon X 13 [cconnor & Nirvandalo][L9D]/esp/Wolverine_WeaponX_0015 copy.jpg,593.26,K
Wolverine - Weapon X 12 [Supermancho & Nirvandalo][L9D]/esp/Wolverine_WX11_0019 copy.jpg,591.51,K
Wolverine - Weapon X 13 [cconnor & Nirvandalo][L9D]/esp/Wolverine_WeaponX_0017 copy.jpg,587.83,K
Wolverine - Weapon X 04 [Supermancho & Nirvandalo][L9D]/esp/wwx_04_007.jpg,587.23,K
Wolverine - Weapon X 13 [cconnor & Nirvandalo][L9D]/esp/Wolverine_WeaponX_0010 copy.jpg,585.84,K
Wolverine - Weapon X 13 [cconnor & Nirvandalo][L9D]/esp/Wolverine_WeaponX_0022 copy.jpg,584.71,K
Wolverine - Weapon X 14 [cconnor & Nirvandalo][L9D]/esp/Weapon_X_14_0012 copy.jpg,584.13,K
Wolverine - Weapon X 11 [Supermancho & Nirvandalo][L9D]/esp/Wolverine_WX_11_0019 copy.jpg,584.13,K
Wolverine - Weapon X 08 [Supermancho & Nirvandalo][L9D]/esp/WWX_08_0009 copy.jpg,582.81,K
Wolverine - Weapon X 06 [Supermancho & Nirvandalo][L9D]/esp/Wolverine_WeaponX_06_0022.jpg,581.6,K
Wolverine - Weapon X 14 [cconnor & Nirvandalo][L9D]/esp/Weapon_X_14_0018 copy.jpg,579.52,K
Wolverine - Weapon X 15 [cconnor & Nirvandalo][L9D]/esp/WeaponX_15_0006 copy.jpg,578.01,K
Wolverine - Weapon X 16 [cconnor & Nirvandalo][L9D]/esp/Weapon_X_15_0013 copy.jpg,576.16,K
Wolverine - Weapon X 14 [cconnor & Nirvandalo][L9D]/esp/Weapon_X_14_0005 copy.jpg,574.06,K
Wolverine - Weapon X 13 [cconnor & Nirvandalo][L9D]/esp/Wolverine_WeaponX_0023 copy.jpg,572.66,K
Wolverine - Weapon X 12 [Supermancho & Nirvandalo][L9D]/esp/xazaaflyer 1.jpg,571.63,K
Wolverine - Weapon X 06 [Supermancho & Nirvandalo][L9D]/esp/zaaflyer 1.jpg,571.63,K
Wolverine - Weapon X 11 [Supermancho & Nirvandalo][L9D]/esp/xazaaflyer 1.jpg,571.63,K
Wolverine - Weapon X 14 [cconnor & Nirvandalo][L9D]/esp/xazaaflyer 1.jpg,571.63,K
Wolverine - Weapon X 09 [Supermancho & Nirvandalo][L9D]/esp/zaaflyer 1.jpg,571.63,K
Wolverine - Weapon X 08 [Supermancho & Nirvandalo][L9D]/esp/zaaflyer 1.jpg,571.63,K
Wolverine - Weapon X 13 [cconnor & Nirvandalo][L9D]/esp/xazaaflyer 1.jpg,571.63,K
Wolverine - Weapon X 03 [Supermancho & Nirvandalo][L9D]/esp/zaaflyer 1.jpg,571.63,K
Wolverine - Weapon X 04 [Supermancho & Nirvandalo][L9D]/esp/zaaflyer 1.jpg,571.63,K
Wolverine - Weapon X 16 [cconnor & Nirvandalo][L9D]/esp/xazaaflyer 1.jpg,571.63,K
Wolverine - Weapon X 15 [cconnor & Nirvandalo][L9D]/esp/xazaaflyer 1.jpg,571.63,K
Wolverine - Weapon X 02 [Supermancho & Nirvandalo][L9D]/pro/zaaflyer 1.jpg,571.63,K
Wolverine - Weapon X 01 [Missing & Nirvandalo][L9D]/esp/zaaflyer 1.jpg,571.63,K
Wolverine - Weapon X 07 [Supermancho & Nirvandalo][L9D]/esp/zaaflyer 1.jpg,571.63,K
Wolverine - Weapon X 02 [Supermancho & Nirvandalo][L9D]/pro/WeaponX-02 0001.jpg,571.52,K
Wolverine - Weapon X 16 [cconnor & Nirvandalo][L9D]/esp/Weapon_X_15_0017 copy.jpg,569.32,K
Wolverine - Weapon X 12 [Supermancho & Nirvandalo][L9D]/esp/Wolverine_WX11_0020 copy.jpg,569.28,K
Wolverine - Weapon X 03 [Supermancho & Nirvandalo][L9D]/esp/wwx_03_017.jpg,569.11,K
Wolverine - Weapon X 02 [Supermancho & Nirvandalo][L9D]/pro/WeaponX-02 0009.jpg,568.95,K
Wolverine - Weapon X 12 [Supermancho & Nirvandalo][L9D]/esp/Wolverine_WX11_0008 copy.jpg,565.98,K
Wolverine - Weapon X 07 [Supermancho & Nirvandalo][L9D]/esp/WWX_7_Legion_CPS_030.jpg,565.92,K
Wolverine - Weapon X 07 [Supermancho & Nirvandalo][L9D]/esp/WWX_7_Legion_CPS_003.jpg,565.29,K
Wolverine - Weapon X 13 [cconnor & Nirvandalo][L9D]/esp/Wolverine_WeaponX_0019 copy.jpg,564.24,K
Wolverine - Weapon X 15 [cconnor & Nirvandalo][L9D]/esp/WeaponX_15_0007 copy.jpg,563.22,K
Wolverine - Weapon X 16 [cconnor & Nirvandalo][L9D]/esp/Weapon_X_15_0020 copy.jpg,562.93,K
Wolverine - Weapon X 15 [cconnor & Nirvandalo][L9D]/esp/WeaponX_15_0011 copy.jpg,562.67,K
Wolverine - Weapon X 01 [Missing & Nirvandalo][L9D]/esp/wwx_01_006.jpg,562.39,K
Wolverine - Weapon X 02 [Supermancho & Nirvandalo][L9D]/pro/WeaponX-02 0006.jpg,561.85,K
Wolverine - Weapon X 12 [Supermancho & Nirvandalo][L9D]/esp/Wolverine_WX11_0018 copy.jpg,561.57,K
Wolverine - Weapon X 01 [Missing & Nirvandalo][L9D]/esp/wwx_01_011.jpg,560.56,K
Wolverine - Weapon X 08 [Supermancho & Nirvandalo][L9D]/esp/WWX_08_0004 copy.jpg,558.87,K
Wolverine - Weapon X 15 [cconnor & Nirvandalo][L9D]/esp/WeaponX_15_0022 copy.jpg,557.38,K
Wolverine - Weapon X 09 [Supermancho & Nirvandalo][L9D]/esp/Wolverine_Weapon_X_9_0004 copy.jpg,556.92,K
Wolverine - Weapon X 01 [Missing & Nirvandalo][L9D]/esp/wwx_01_022.jpg,555.46,K
Wolverine - Weapon X 04 [Supermancho & Nirvandalo][L9D]/esp/wwx_04_017.jpg,555,K
Wolverine - Weapon X 15 [cconnor & Nirvandalo][L9D]/esp/WeaponX_15_0013 copy.jpg,554.69,K
Wolverine - Weapon X 03 [Supermancho & Nirvandalo][L9D]/esp/wwx_03_020.jpg,553.88,K
Wolverine - Weapon X 07 [Supermancho & Nirvandalo][L9D]/esp/WWX_7_Legion_CPS_028.jpg,553.53,K
Wolverine - Weapon X 03 [Supermancho & Nirvandalo][L9D]/esp/wwx_03_004.jpg,553.14,K
Wolverine - Weapon X 11 [Supermancho & Nirvandalo][L9D]/esp/Wolverine_WX_11_0004 copy.jpg,550.93,K
Wolverine - Weapon X 01 [Missing & Nirvandalo][L9D]/esp/wwx_01_007.jpg,550.78,K
Wolverine - Weapon X 01 [Missing & Nirvandalo][L9D]/esp/wwx_01_013.jpg,550.5,K
Wolverine - Weapon X 02 [Supermancho & Nirvandalo][L9D]/pro/WeaponX-02 0001b.jpg,550.13,K
Wolverine - Weapon X 04 [Supermancho & Nirvandalo][L9D]/esp/wwx_04_005.jpg,548.84,K
Wolverine - Weapon X 11 [Supermancho & Nirvandalo][L9D]/esp/Wolverine_WX_11_0016 copy.jpg,548.45,K
Wolverine - Weapon X 16 [cconnor & Nirvandalo][L9D]/esp/Weapon_X_15_0024 copy.jpg,546.61,K
Wolverine - Weapon X 05 [Supermancho & Nirvandalo][L9D]/esp/WWX_5_0016.jpg,546.45,K
Wolverine - Weapon X 11 [Supermancho & Nirvandalo][L9D]/esp/Wolverine_WX_11_0014 copy.jpg,546.03,K
Wolverine - Weapon X 04 [Supermancho & Nirvandalo][L9D]/esp/wwx_04_006.jpg,545.76,K
Wolverine - Weapon X 05 [Supermancho & Nirvandalo][L9D]/esp/WWX_5_0000a.jpg,545.51,K
Wolverine - Weapon X 04 [Supermancho & Nirvandalo][L9D]/esp/wwx_04_023.jpg,544.91,K
Wolverine - Weapon X 07 [Supermancho & Nirvandalo][L9D]/esp/WWX_7_Legion_CPS_022.jpg,544.17,K
Wolverine - Weapon X 07 [Supermancho & Nirvandalo][L9D]/esp/WWX_7_Legion_CPS_006.jpg,543.78,K
Wolverine - Weapon X 14 [cconnor & Nirvandalo][L9D]/esp/Weapon_X_14_0003 copy.jpg,540.66,K
Wolverine - Weapon X 07 [Supermancho & Nirvandalo][L9D]/esp/WWX_7_Legion_CPS_012.jpg,539.9,K
Wolverine - Weapon X 05 [Supermancho & Nirvandalo][L9D]/esp/WWX_5_0014.jpg,539.86,K
Wolverine - Weapon X 04 [Supermancho & Nirvandalo][L9D]/esp/wwx_04_013.jpg,539.17,K
Wolverine - Weapon X 03 [Supermancho & Nirvandalo][L9D]/esp/wwx_03_024.jpg,538.97,K
Wolverine - Weapon X 04 [Supermancho & Nirvandalo][L9D]/esp/wwx_04_004.jpg,538.65,K
Wolverine - Weapon X 07 [Supermancho & Nirvandalo][L9D]/esp/WWX_7_Legion_CPS_018.jpg,538.53,K
Wolverine - Weapon X 01 [Missing & Nirvandalo][L9D]/esp/wwx_01_023.jpg,536.5,K
Wolverine - Weapon X 12 [Supermancho & Nirvandalo][L9D]/esp/Wolverine_WX11_0015 copy.jpg,536.13,K
Wolverine - Weapon X 07 [Supermancho & Nirvandalo][L9D]/esp/WWX_7_Legion_CPS_020.jpg,535.68,K
Wolverine - Weapon X 03 [Supermancho & Nirvandalo][L9D]/esp/wwx_03_009.jpg,535.57,K
Wolverine - Weapon X 16 [cconnor & Nirvandalo][L9D]/esp/Weapon_X_15_0014 copy.jpg,535.35,K
Wolverine - Weapon X 04 [Supermancho & Nirvandalo][L9D]/esp/wwx_04_009.jpg,534.45,K
Wolverine - Weapon X 06 [Supermancho & Nirvandalo][L9D]/esp/Wolverine_WeaponX_06_0023.jpg,533.61,K
Wolverine - Weapon X 05 [Supermancho & Nirvandalo][L9D]/esp/WWX_5_0011.jpg,533.44,K
Wolverine - Weapon X 07 [Supermancho & Nirvandalo][L9D]/esp/WWX_7_Legion_CPS_004.jpg,532.19,K
Wolverine - Weapon X 03 [Supermancho & Nirvandalo][L9D]/esp/wwx_03_011.jpg,532.1,K
Wolverine - Weapon X 07 [Supermancho & Nirvandalo][L9D]/esp/WWX_7_Legion_CPS_016.jpg,531.3,K
Wolverine - Weapon X 02 [Supermancho & Nirvandalo][L9D]/pro/WeaponX-02 0004.jpg,529.48,K
Wolverine - Weapon X 08 [Supermancho & Nirvandalo][L9D]/esp/WWX_08_0010 copy.jpg,529.14,K
Wolverine - Weapon X 03 [Supermancho & Nirvandalo][L9D]/esp/wwx_03_001.jpg,527.69,K
Wolverine - Weapon X 04 [Supermancho & Nirvandalo][L9D]/esp/wwx_04_014.jpg,527.41,K
Wolverine - Weapon X 07 [Supermancho & Nirvandalo][L9D]/esp/WWX_7_Legion_CPS_031.jpg,526.65,K
Wolverine - Weapon X 08 [Supermancho & Nirvandalo][L9D]/esp/WWX_08_0021 copy.jpg,526.13,K
Wolverine - Weapon X 13 [cconnor & Nirvandalo][L9D]/esp/Wolverine_WeaponX_0021 copy.jpg,525.06,K
Wolverine - Weapon X 02 [Supermancho & Nirvandalo][L9D]/pro/WeaponX-02 0015.jpg,521.98,K
Wolverine - Weapon X 08 [Supermancho & Nirvandalo][L9D]/esp/WWX_08_0024 copy.jpg,519.75,K
Wolverine - Weapon X 05 [Supermancho & Nirvandalo][L9D]/esp/WWX_5_0013.jpg,519.71,K
Wolverine - Weapon X 09 [Supermancho & Nirvandalo][L9D]/esp/Wolverine_Weapon_X_9_0003 copy.jpg,518.98,K
Wolverine - Weapon X 07 [Supermancho & Nirvandalo][L9D]/esp/WWX_7_Legion_CPS_033.jpg,516.49,K
Wolverine - Weapon X 04 [Supermancho & Nirvandalo][L9D]/esp/wwx_04_020.jpg,516.23,K
Wolverine - Weapon X 16 [cconnor & Nirvandalo][L9D]/esp/Weapon_X_15_0010 copy.jpg,515.81,K
Wolverine - Weapon X 05 [Supermancho & Nirvandalo][L9D]/esp/WWX_5_0006.jpg,513.94,K
Wolverine - Weapon X 16 [cconnor & Nirvandalo][L9D]/esp/Weapon_X_15_0011 copy.jpg,513.93,K
Wolverine - Weapon X 02 [Supermancho & Nirvandalo][L9D]/pro/WeaponX-02 0019.jpg,513.67,K
Wolverine - Weapon X 02 [Supermancho & Nirvandalo][L9D]/pro/WeaponX-02 0005.jpg,512.81,K
Wolverine - Weapon X 09 [Supermancho & Nirvandalo][L9D]/esp/Wolverine_Weapon_X_9_0005 copy.jpg,512.46,K
Wolverine - Weapon X 16 [cconnor & Nirvandalo][L9D]/esp/Weapon_X_15_0022 copy.jpg,511.1,K
Wolverine - Weapon X 01 [Missing & Nirvandalo][L9D]/esp/wwx_01_009.jpg,510.28,K
Wolverine - Weapon X 01 [Missing & Nirvandalo][L9D]/esp/wwx_01_015.jpg,508.67,K
Wolverine - Weapon X 05 [Supermancho & Nirvandalo][L9D]/esp/WWX_5_0021.jpg,508.09,K
Wolverine - Weapon X 03 [Supermancho & Nirvandalo][L9D]/esp/wwx_03_006.jpg,507.34,K
Wolverine - Weapon X 02 [Supermancho & Nirvandalo][L9D]/pro/WeaponX-02 0014.jpg,505.58,K
Wolverine - Weapon X 05 [Supermancho & Nirvandalo][L9D]/esp/WWX_5_0000b.jpg,504.18,K
Wolverine - Weapon X 04 [Supermancho & Nirvandalo][L9D]/esp/wwx_04_012.jpg,502.9,K
Wolverine - Weapon X 04 [Supermancho & Nirvandalo][L9D]/esp/wwx_04_010.jpg,502.56,K
Wolverine - Weapon X 04 [Supermancho & Nirvandalo][L9D]/esp/wwx_04_016.jpg,501.5,K
Wolverine - Weapon X 05 [Supermancho & Nirvandalo][L9D]/esp/WWX_5_0019.jpg,499.29,K
Wolverine - Weapon X 03 [Supermancho & Nirvandalo][L9D]/esp/wwx_03_008.jpg,494.66,K
Wolverine - Weapon X 05 [Supermancho & Nirvandalo][L9D]/esp/WWX_5_0020.jpg,494.36,K
Wolverine - Weapon X 05 [Supermancho & Nirvandalo][L9D]/esp/WWX_5_0024.jpg,494.04,K
Wolverine - Weapon X 12 [Supermancho & Nirvandalo][L9D]/esp/Wolverine_WX11_0009 copy.jpg,493.84,K
Wolverine - Weapon X 03 [Supermancho & Nirvandalo][L9D]/esp/wwx_03_019.jpg,491.7,K
Wolverine - Weapon X 01 [Missing & Nirvandalo][L9D]/esp/wwx_01_001a.jpg,491.38,K
Wolverine - Weapon X 07 [Supermancho & Nirvandalo][L9D]/esp/WWX_7_Legion_CPS_015.jpg,491.11,K
Wolverine - Weapon X 07 [Supermancho & Nirvandalo][L9D]/esp/WWX_7_Legion_CPS_032.jpg,491.02,K
Wolverine - Weapon X 05 [Supermancho & Nirvandalo][L9D]/esp/WWX_5_0008.jpg,490.73,K
Wolverine - Weapon X 05 [Supermancho & Nirvandalo][L9D]/esp/WWX_5_0010.jpg,490.46,K
Wolverine - Weapon X 05 [Supermancho & Nirvandalo][L9D]/esp/WWX_5_0007.jpg,489.79,K
Wolverine - Weapon X 11 [Supermancho & Nirvandalo][L9D]/esp/Wolverine_WX_11_0005 copy.jpg,489.34,K
Wolverine - Weapon X 01 [Missing & Nirvandalo][L9D]/esp/wwx_01_002.jpg,487.09,K
Wolverine - Weapon X 05 [Supermancho & Nirvandalo][L9D]/esp/WWX_5_0003.jpg,486.98,K
Wolverine - Weapon X 15 [cconnor & Nirvandalo][L9D]/esp/WeaponX_15_0024 copy.jpg,485.76,K
Wolverine - Weapon X 03 [Supermancho & Nirvandalo][L9D]/esp/wwx_03_025.jpg,485.02,K
Wolverine - Weapon X 05 [Supermancho & Nirvandalo][L9D]/esp/WWX_5_0005.jpg,483.27,K
Wolverine - Weapon X 02 [Supermancho & Nirvandalo][L9D]/pro/WeaponX-02 0013.jpg,483.21,K
Wolverine - Weapon X 04 [Supermancho & Nirvandalo][L9D]/esp/wwx_04_025.jpg,482.79,K
Wolverine - Weapon X 04 [Supermancho & Nirvandalo][L9D]/esp/wwx_04_011.jpg,482.47,K
Wolverine - Weapon X 03 [Supermancho & Nirvandalo][L9D]/esp/wwx_03_013.jpg,480.08,K
Wolverine - Weapon X 05 [Supermancho & Nirvandalo][L9D]/esp/WWX_5_0018.jpg,478.3,K
Wolverine - Weapon X 05 [Supermancho & Nirvandalo][L9D]/esp/WWX_5_0015.jpg,477.68,K
Wolverine - Weapon X 04 [Supermancho & Nirvandalo][L9D]/esp/wwx_04_019.jpg,477.14,K
Wolverine - Weapon X 03 [Supermancho & Nirvandalo][L9D]/esp/wwx_03_012.jpg,474.21,K
Wolverine - Weapon X 04 [Supermancho & Nirvandalo][L9D]/esp/wwx_04_015.jpg,473.77,K
Wolverine - Weapon X 09 [Supermancho & Nirvandalo][L9D]/esp/Wolverine_Weapon_X_9_0002 copy.jpg,473.72,K
Wolverine - Weapon X 02 [Supermancho & Nirvandalo][L9D]/pro/WeaponX-02 0010.jpg,473.4,K
Wolverine - Weapon X 02 [Supermancho & Nirvandalo][L9D]/pro/WeaponX-02 0024.jpg,472.97,K
Wolverine - Weapon X 01 [Missing & Nirvandalo][L9D]/esp/wwx_01_021.jpg,470.7,K
Wolverine - Weapon X 01 [Missing & Nirvandalo][L9D]/esp/wwx_01_017.jpg,470.21,K
Wolverine - Weapon X 06 [Supermancho & Nirvandalo][L9D]/esp/zzzzXX-UP-XX.JPG,469.78,K
Wolverine - Weapon X 05 [Supermancho & Nirvandalo][L9D]/esp/XX-UP-XX.JPG,469.78,K
Wolverine - Weapon X 13 [cconnor & Nirvandalo][L9D]/esp/Wolverine_WeaponX_0024 copy.jpg,469.26,K
Wolverine - Weapon X 01 [Missing & Nirvandalo][L9D]/esp/wwx_01_012.jpg,467.9,K
Wolverine - Weapon X 04 [Supermancho & Nirvandalo][L9D]/esp/wwx_04_018.jpg,466.57,K
Wolverine - Weapon X 04 [Supermancho & Nirvandalo][L9D]/esp/wwx_04_024.jpg,464.77,K
Wolverine - Weapon X 01 [Missing & Nirvandalo][L9D]/esp/wwx_01_024.jpg,464.58,K
Wolverine - Weapon X 06 [Supermancho & Nirvandalo][L9D]/esp/Wolverine_WeaponX_06_000_.jpg,464.01,K
Wolverine - Weapon X 03 [Supermancho & Nirvandalo][L9D]/esp/wwx_03_002.jpg,463.42,K
Wolverine - Weapon X 02 [Supermancho & Nirvandalo][L9D]/pro/WeaponX-02 0017.jpg,463.35,K
Wolverine - Weapon X 07 [Supermancho & Nirvandalo][L9D]/esp/WWX_7_Legion_CPS_010.jpg,462.08,K
Wolverine - Weapon X 07 [Supermancho & Nirvandalo][L9D]/esp/WWX_7_Legion_CPS_009.jpg,461.76,K
Wolverine - Weapon X 03 [Supermancho & Nirvandalo][L9D]/esp/wwx_03_023.jpg,461.51,K
Wolverine - Weapon X 01 [Missing & Nirvandalo][L9D]/esp/wwx_01_018.jpg,460.55,K
Wolverine - Weapon X 02 [Supermancho & Nirvandalo][L9D]/pro/WeaponX-02 0023.jpg,459.77,K
Wolverine - Weapon X 02 [Supermancho & Nirvandalo][L9D]/pro/WeaponX-02 0007.jpg,459.37,K
Wolverine - Weapon X 16 [cconnor & Nirvandalo][L9D]/esp/Weapon_X_15_0023 copy.jpg,459.12,K
Wolverine - Weapon X 02 [Supermancho & Nirvandalo][L9D]/pro/WeaponX-02 0018.jpg,454.53,K
Wolverine - Weapon X 05 [Supermancho & Nirvandalo][L9D]/esp/WWX_5_0002.jpg,453.55,K
Wolverine - Weapon X 03 [Supermancho & Nirvandalo][L9D]/esp/wwx_03_005.jpg,451.15,K
Wolverine - Weapon X 01 [Missing & Nirvandalo][L9D]/esp/wwx_01_014.jpg,450.35,K
Wolverine - Weapon X 02 [Supermancho & Nirvandalo][L9D]/pro/WeaponX-02 0011.jpg,448.65,K
Wolverine - Weapon X 07 [Supermancho & Nirvandalo][L9D]/esp/WWX_7_Legion_CPS_014.jpg,448.39,K
Wolverine - Weapon X 02 [Supermancho & Nirvandalo][L9D]/pro/WeaponX-02 0020.jpg,447.73,K
Wolverine - Weapon X 01 [Missing & Nirvandalo][L9D]/esp/wwx_01_016.jpg,446.36,K
Wolverine - Weapon X 02 [Supermancho & Nirvandalo][L9D]/pro/WeaponX-02 0016.jpg,443.32,K
Wolverine - Weapon X 05 [Supermancho & Nirvandalo][L9D]/esp/WWX_5_0022.jpg,441.8,K
Wolverine - Weapon X 15 [cconnor & Nirvandalo][L9D]/esp/WeaponX_15_0023 copy.jpg,440.47,K
Wolverine - Weapon X 01 [Missing & Nirvandalo][L9D]/esp/wwx_01_001.jpg,433.58,K
Wolverine - Weapon X 01 [Missing & Nirvandalo][L9D]/esp/wwx_01_019.jpg,432.2,K
Wolverine - Weapon X 01 [Missing & Nirvandalo][L9D]/esp/wwx_01_020.jpg,428.1,K
Wolverine - Weapon X 02 [Supermancho & Nirvandalo][L9D]/pro/WeaponX-02 0022.jpg,426.57,K
Wolverine - Weapon X 02 [Supermancho & Nirvandalo][L9D]/pro/WeaponX-02 0012.jpg,422.43,K
Wolverine - Weapon X 05 [Supermancho & Nirvandalo][L9D]/esp/WWX_5_0004.jpg,419.2,K
Wolverine - Weapon X 03 [Supermancho & Nirvandalo][L9D]/esp/wwx_03_021.jpg,418.59,K
Wolverine - Weapon X 04 [Supermancho & Nirvandalo][L9D]/esp/wwx_04_026.jpg,416.44,K
Wolverine - Weapon X 01 [Missing & Nirvandalo][L9D]/esp/wwx_01_010.jpg,414.42,K
Wolverine - Weapon X 03 [Supermancho & Nirvandalo][L9D]/esp/wwx_03_016.jpg,412.31,K
Wolverine - Weapon X 03 [Supermancho & Nirvandalo][L9D]/esp/wwx_03_015.jpg,412.22,K
Wolverine - Weapon X 03 [Supermancho & Nirvandalo][L9D]/esp/wwx_03_018.jpg,410.53,K
Wolverine - Weapon X 01 [Missing & Nirvandalo][L9D]/esp/wwx_01_001b.jpg,407.63,K
Wolverine - Weapon X 03 [Supermancho & Nirvandalo][L9D]/esp/wwx_03_014.jpg,402.31,K
Wolverine - Weapon X 02 [Supermancho & Nirvandalo][L9D]/pro/WeaponX-02 0021.jpg,395.4,K
Wolverine - Weapon X 12 [Supermancho & Nirvandalo][L9D]/esp/Wolverine_WX11_0025 copy.jpg,389.09,K
Wolverine - Weapon X 06 [Supermancho & Nirvandalo][L9D]/esp/Wolverine_WeaponX_06_0024.jpg,381.77,K
Wolverine - Weapon X 05 [Supermancho & Nirvandalo][L9D]/esp/WWX_5_0009.jpg,380.57,K
Wolverine - Weapon X 03 [Supermancho & Nirvandalo][L9D]/esp/wwx_03_007.jpg,374.35,K
Wolverine - Weapon X 07 [Supermancho & Nirvandalo][L9D]/esp/WWX_7_Legion_CPS_001.jpg,370.88,K
Wolverine - Weapon X 01 [Missing & Nirvandalo][L9D]/esp/wwx_01_008.jpg,368.71,K
Wolverine - Weapon X 07 [Supermancho & Nirvandalo][L9D]/esp/WWX_7_Legion_CPS_034.jpg,363.13,K
Wolverine - Weapon X 04 [Supermancho & Nirvandalo][L9D]/esp/wwx_04_002.jpg,355.34,K
Wolverine - Weapon X 13 [cconnor & Nirvandalo][L9D]/esp/Wolverine_WeaponX_0025 copy.jpg,351.79,K
Wolverine - Weapon X 07 [Supermancho & Nirvandalo][L9D]/esp/WWX_7_Legion_CPS_011.jpg,349.62,K
Wolverine - Weapon X 03 [Supermancho & Nirvandalo][L9D]/esp/wwx_03_022.jpg,348.21,K
Wolverine - Weapon X 09 [Supermancho & Nirvandalo][L9D]/esp/x cflyethor.jpg,330,K
Wolverine - Weapon X 05 [Supermancho & Nirvandalo][L9D]/esp/x cflyethor.jpg,330,K
Wolverine - Weapon X 08 [Supermancho & Nirvandalo][L9D]/esp/x cflyethor.jpg,330,K
Wolverine - Weapon X 07 [Supermancho & Nirvandalo][L9D]/esp/x cflyethor.jpg,330,K
Wolverine - Weapon X 06 [Supermancho & Nirvandalo][L9D]/esp/x cflyethor.jpg,330,K
Wolverine - Weapon X 05 [Supermancho & Nirvandalo][L9D]/esp/WWX_5_0023.jpg,323.31,K
Wolverine - Weapon X 01 [Missing & Nirvandalo][L9D]/esp/wwx_01_001c.jpg,322.95,K
Wolverine - Weapon X 02 [Supermancho & Nirvandalo][L9D]/pro/WeaponX-02 0025.jpg,291.57,K
Wolverine - Weapon X 01 [Missing & Nirvandalo][L9D]/esp/wwx_01_025.jpg,274.27,K
Wolverine - Weapon X 02 [Supermancho & Nirvandalo][L9D]/pro/zzTopSecret MrX Document.jpg,191.52,K
Wolverine - Weapon X 01 [Missing & Nirvandalo][L9D]/esp/zz-delerium powers.jpg,187.37,K
Wolverine - Weapon X 14 [cconnor & Nirvandalo][L9D]/esp/xlogo MegaToons.JPG,149,K
Wolverine - Weapon X 13 [cconnor & Nirvandalo][L9D]/esp/xlogo MegaToons.JPG,149,K
Wolverine - Weapon X 11 [Supermancho & Nirvandalo][L9D]/esp/xlogo MegaToons.JPG,149,K
Wolverine - Weapon X 15 [cconnor & Nirvandalo][L9D]/esp/xlogo MegaToons.JPG,149,K
Wolverine - Weapon X 08 [Supermancho & Nirvandalo][L9D]/esp/xlogo MegaToons.JPG,149,K
Wolverine - Weapon X 12 [Supermancho & Nirvandalo][L9D]/esp/xlogo MegaToons.JPG,149,K
Wolverine - Weapon X 16 [cconnor & Nirvandalo][L9D]/esp/xlogo MegaToons.JPG,149,K
Wolverine - Weapon X 09 [Supermancho & Nirvandalo][L9D]/esp/xlogo MegaToons.JPG,149,K
Wolverine - Weapon X 07 [Supermancho & Nirvandalo][L9D]/esp/zzLegionCPS.jpg,61.24,K
