Filename,Size,Unit
Phineas and Ferb Across The 2nd Dimension 2011 DVDRIP Xvid AC3-BHRG sample.avi,11.22,M
Phineas and ferb Across The 2nd Dimension 2011 DVDRIP Xvid AC3-BHRG.avi,1.14,G
READ this before playing the Movie.txt,473,B
www.Torrenting.com.txt,473,B
