Filename,Size,Unit
Scientific American Mind - July & August 2012 (True PDF).pdf,9.87,M
Torrent downloaded from Demonoid.me.txt,46,B
