Filename,Size,Unit
Rock Of Ages 2012  EXTENDED 720p AC3 BRRip XViD-RemixHD.avi,3.48,G
SAMPLE.avi,35.02,M
Rock Of Ages  2012 EXTENDED 720p AC3 BRRip XViD-RemixHD.nfo,1.45,K
