Filename,Size,Unit
First Read This Guide.txt,580,B
The.Mob.Doctor.S01E01.HDTV.XviD-AFG.avi,347.02,M
The.Mob.Doctor.S01E01.HDTV.XviD-AFG.nfo,425,B
www.Torrentday.com.txt,580,B
