Filename,Size,Unit
READ this before playing the Movie.txt,605,B
SAMPLE.avi,41.59,M
The Expatriate 2012 720p AC3 BRRip XViD-RemixHD.avi,2.58,G
The Expatriate 2012 720p AC3 BRRip XViD-RemixHD.nfo,1.66,K
www.Torrenting.com.txt,605,B
