Filename,Size,Unit
dmt2.rar,1008.36,M
