Title,Type,Files,Size,IMDB,Spoken Languages,Texted Languages,Tags,Quality (+),Quality (-),Uploaded,By,User Type,Seeders,Leechers,Info Hash,Picture,Capture Date
PornStarSpa - Tasha Reign (Blonde Bombshell Gets Sex Massage),506,1,395.7 MiB (414922693 Bytes),,,,"""xXx"",""Hot"",""Blowjobs""",0,0,2012-02-17T15:05:45Z,FluxXxu,[V],1,1,768EE729F5DA30BC21DD6D87F9F82D741F5B7125,,2012-09-30T00:11:28Z
