Filename,Size,Unit
Formula 1 - US Grand Prix (2005) F1.mkv,1.3,G
