Filename,Size,Unit
Contraband 2012 480p BRRip Srkfan.mp4,393.4,M
Sample-Contraband 2012 480p BRRip Srkfan.mp4,1.81,M
Srkfan NFO Please Read.nfo,15.93,K
Contraband Information.txt,4.09,K
Torrent Uploaded By Srkfan.txt,370,B
Join Me.txt,329,B
Torrent downloaded from P2PDL.com.txt,81,B
