Filename,Size,Unit
So.You.Think.You.Can.Fuck.XXX.a.avi,699.83,M
So.You.Think.You.Can.Fuck.XXX.b.avi,700.19,M
