Title,Type,Files,Size,IMDB,Spoken Languages,Texted Languages,Tags,Quality (+),Quality (-),Uploaded,By,User Type,Seeders,Leechers,Info Hash,Picture,Capture Date
Score - Six Big Tits Babes in Hungary (2009) 720p,505,1,458.17 MiB (480425093 Bytes),,,,"""Big Tits""",1,0,2012-04-25T20:48:16Z,PoOoP12,,4,2,7664789E5044BE9FCEA873BB2D34AD6A9B42D497,,2012-09-25T06:08:41Z
