Title,Type,Files,Size,IMDB,Spoken Languages,Texted Languages,Tags,Quality (+),Quality (-),Uploaded,By,User Type,Seeders,Leechers,Info Hash,Picture,Capture Date
ExclusiveTeenPorn.12.12.29.Lily.XXX.720p.WMV-iaK ,599,3,788.82 MiB (827137688 Bytes),,,,"""Teen"",""Amateur""",0,0,2013-01-01T23:06:42Z,R0thschild,[V],8,8,B076B7C550950882F00B9CB4FBA1F4FA2A31B7F2,,2013-01-11T08:07:38Z
