Filename,Size,Unit
Kloe - Red And Black Are Great.mp4,749.76,M
