Filename,Size,Unit
Rambo [BDRip-1080p-MultiLang-MultiSub-Chapters][RiP By MaX].mkv,7.95,G
