Title,Type,Files,Size,IMDB,Spoken Languages,Texted Languages,Tags,Quality (+),Quality (-),Uploaded,By,User Type,Seeders,Leechers,Info Hash,Picture,Capture Date
EUROPEAN TECH-HOUSE PARTY VIBES MIXED BY DJ EL FABIIANI,101,1,108.38 MiB (113648953 Bytes),,,,"""el fabiiani"",""europe party beats"",""dj el fabiiani"",""el fabiiani 2012"",""2012"",""xvid"",""dvdrip"",""Lady Gaga"",""h264"",""discography"",""x264"",""TNT Village - ScambioEtico"",""dance"",""subtitulado"",""esp"",""sports"",""folk"",""free"",""brazil"",""english"",""radio"",""i""",1,0,2012-10-26T20:38:58Z,electronicmusicnews,,2,0,CD584E55A3BF8CA4A4B5AAB5220569F9E0756CE2,,2012-11-26T14:37:06Z
