Title,Type,Files,Size,IMDB,Spoken Languages,Texted Languages,Tags,Quality (+),Quality (-),Uploaded,By,User Type,Seeders,Leechers,Info Hash,Picture,Capture Date
Inthecrack 648 Karlie Montana  and  Dani Daniels Large,503,114,64.05 MiB (67158355 Bytes),,,,"""Inthecrack"",""Two Girls"",""Black High Heels"",""Ass To Ass""",0,1,2012-03-15T02:14:06Z,Doomext,,2,2,25BD72662B18C4692B8D3E01535E375304F30BC2,http://image.bayimg.com/manmbaade.jpg,2012-09-28T04:28:19Z
