Title,Type,Files,Size,IMDB,Spoken Languages,Texted Languages,Tags,Quality (+),Quality (-),Uploaded,By,User Type,Seeders,Leechers,Info Hash,Picture,Capture Date
Julie Cash - Oil Slick On Your Face (Jules Jordan) -2013-,505,1,1.74 GiB (1873557741 Bytes),,,,"""All Sex"",""Hardcore"",""Oral""",0,0,2013-01-01T13:58:52Z,R0thschild,[V],24,25,7032E6B77C939F59A9F0084AE9EABF3A4AEA4CB9,,2013-01-11T07:35:56Z
