Filename,Size,Unit
The.Pacific.S01E05.HDTV.Subtitulado.Esp.SC.avi,537.48,M
