Filename,Size,Unit
Kim Kardashian - Wanna Go Crazy HQ Leaked ATOM [KAT.PH].mp3,7.72,M
