Filename,Size,Unit
Screens/1.png,947.12,K
Screens/2.png,663.21,K
Screens/3.png,832.44,K
Screens/4.png,954.18,K
Screens/5.png,1.27,M
Screens/6.png,776.11,K
Screens/7.png,1.53,M
Screens/8.png,1,M
A Thousand Words 2012 720p BRRip x264-MgB.mp4,1.63,G
A Thousand Words 2012 English.srt,98.38,K
A Thousand Words 2012.PNG,396.02,K
Torrent Downloaded From ExtraTorrent.com.txt,353,B
