Filename,Size,Unit
Match Of The Day 25 Feb 2012.avi,714.32,M
