Title,Type,Files,Size,IMDB,Spoken Languages,Texted Languages,Tags,Quality (+),Quality (-),Uploaded,By,User Type,Seeders,Leechers,Info Hash,Picture,Capture Date
Mad.Mad.World.S01E05.HDTV.x264-C4TV,205,5,223.85 MiB (234719706 Bytes),,,,,0,0,2012-07-29T15:23:56Z,TvTeam,[V],0,1,8F8070E14ECCBFABBE0FDA2C79909789674C5DE8,,2012-09-19T06:21:26Z
