Filename,Size,Unit
Makkhi (Screens) - DVDScr - XviD - 1CDRip - [DDR]/1.png,245.41,K
Makkhi (Screens) - DVDScr - XviD - 1CDRip - [DDR]/10.png,216.64,K
Makkhi (Screens) - DVDScr - XviD - 1CDRip - [DDR]/11.png,205,K
Makkhi (Screens) - DVDScr - XviD - 1CDRip - [DDR]/12.png,335.78,K
Makkhi (Screens) - DVDScr - XviD - 1CDRip - [DDR]/2.png,176.18,K
Makkhi (Screens) - DVDScr - XviD - 1CDRip - [DDR]/3.png,159.84,K
Makkhi (Screens) - DVDScr - XviD - 1CDRip - [DDR]/4.png,86.93,K
Makkhi (Screens) - DVDScr - XviD - 1CDRip - [DDR]/5.png,170.85,K
Makkhi (Screens) - DVDScr - XviD - 1CDRip - [DDR]/6.png,195.13,K
Makkhi (Screens) - DVDScr - XviD - 1CDRip - [DDR]/7.png,229.79,K
Makkhi (Screens) - DVDScr - XviD - 1CDRip - [DDR]/8.png,214.97,K
Makkhi (Screens) - DVDScr - XviD - 1CDRip - [DDR]/9.png,194.24,K
A DDR Release !!.txt,287,B
Makkhi (Sample) - DVDScr - XviD - 1CDRip - [DDR].avi,11.3,M
Makkhi - DVDScr - XviD - 1CDRip - [DDR].avi,695.32,M
Makkhi - DVDScr - XviD - 1CDRip - [DDR].gif,39,K
Makkhi - DVDScr - XviD - 1CDRip - [DDR].nfo,9.48,K
Torrent Downloaded From ExtraTorrent.com.txt,353,B
