Filename,Size,Unit
11172_03_big.mp4,543.71,M
