Title,Type,Files,Size,IMDB,Spoken Languages,Texted Languages,Tags,Quality (+),Quality (-),Uploaded,By,User Type,Seeders,Leechers,Info Hash,Picture,Capture Date
Old Goes Young Natalia,506,1,2.07 GiB (2220211621 Bytes),,,,,1,0,2012-09-22T23:57:03Z,yonkers77,,3,3,3E9916DB2A2A31ED49F6283E723D5E7595905374,http://image.bayimg.com/nacdkaaeo.jpg,2012-10-04T15:29:16Z
