Filename,Size,Unit
Feuchte Muschies(1994).avi,1.07,G
screens.jpg,404.18,K
pic.jpg,172.74,K
back.jpg,102.51,K
front.jpg,98.36,K
