Filename,Size,Unit
ssfep34_img4.jpg,22.61,K
ssfep34_img3.jpg,20.36,K
ssfep34_img2.jpg,24.14,K
ssfep34_img1.jpg,19.3,K
StudentSexFriends - Episode 34.mp4,108.37,M
