User Type,Username,Date,Text
,dulhanr,2012-03-17T07:09Z,awesome! thankz for the upload!
