Filename,Size,Unit
Screenshots/vlcsnap-2012-03-14-02h01m58s184.png,688.67,K
Screenshots/vlcsnap-2012-03-14-02h05m16s109.png,655.8,K
Screenshots/vlcsnap-2012-03-14-02h04m08s194.png,593.51,K
Screenshots/vlcsnap-2012-03-14-02h04m48s84.png,537.93,K
Screenshots/vlcsnap-2012-03-14-02h01m44s41.png,526.59,K
Screenshots/vlcsnap-2012-03-14-02h05m31s255.png,498.55,K
Screenshots/kahaani-wallpaper-01-10x7.jpg,88.61,K
Kahaani - 2012 - DVDScr - 720p - x264 - AAC - [EM-ALONE].mkv,1.5,G
