Title,Type,Files,Size,IMDB,Spoken Languages,Texted Languages,Tags,Quality (+),Quality (-),Uploaded,By,User Type,Seeders,Leechers,Info Hash,Picture,Capture Date
Johnny.Kapahala.Back.On.Board.avi,201,1,699.83 MiB (733827072 Bytes),,English,,,0,0,2012-11-10T07:34:25Z,maverickboi,,1,3,B02240EF477A827930B49393752EEE9474771B53,,2012-12-01T02:14:24Z
