Filename,Size,Unit
Read this before playing this Video.txt,222,B
Rush Hour 1 Part 1.avi,700.47,M
Rush Hour 1 Part 2.avi,700.01,M
Torrent have been downloaded from Scenetime.com.txt,222,B
