User Type,Username,Date,Text
,enrh,2012-10-01T07:34Z,"Thanks for putting this up!  :)
Will you be adding new episodes as they air?"
