Filename,Size,Unit
Oprahs.Next.Chapter.S01E07.Americas.Hidden.Culture.Part.1.HDTV.reencode.xvid.tellymad.mp4,309.36,M
