Title,Type,Files,Size,IMDB,Spoken Languages,Texted Languages,Tags,Quality (+),Quality (-),Uploaded,By,User Type,Seeders,Leechers,Info Hash,Picture,Capture Date
Rosanna - Fucks an older guy in her stockings (18X Girls),505,1,1.01 GiB (1088640136 Bytes),,,,,0,0,2012-12-05T10:13:55Z,christian786,,32,29,B1807FEFC2536512AE31CF94AD15BA43305F8898,,2012-12-07T23:14:54Z
