Filename,Size,Unit
Y&R Aug 21 - 12.avi,144.35,M
