Title,Type,Files,Size,IMDB,Spoken Languages,Texted Languages,Tags,Quality (+),Quality (-),Uploaded,By,User Type,Seeders,Leechers,Info Hash,Picture,Capture Date
heyssi Wan (Mi debut en el porno Theyssi Wan) HD 720p,501,1,595.57 MiB (624505349 Bytes),,,,,0,0,2012-05-25T09:53:59Z,pittrox,,5,1,FE840453F427F2EDFA642A9A59ECB730CF31CB68,,2012-09-23T11:50:13Z
