Title,Type,Files,Size,IMDB,Spoken Languages,Texted Languages,Tags,Quality (+),Quality (-),Uploaded,By,User Type,Seeders,Leechers,Info Hash,Picture,Capture Date
POtHS - Conspiracy - 007 - Illuminati - Freemasons,201,337,5.34 GiB (5731747673 Bytes),,English,,"""POtHS"",""Jesus"",""Yahweh"",""The Holy Spirit"",""Bible"",""Christian Movies""",0,0,2012-11-01T02:45:57Z,POtHS11,[T],9,6,CE5323EB1AD5AF30BA7D53A63D1504FF5DC62097,,2012-11-27T21:04:12Z
