Filename,Size,Unit
Bandolera 1x480 www.lokotorrents.com.avi,507.92,M
