Filename,Size,Unit
Covers/Atacamas 33-[dvd].jpg,164.56,K
Covers/Atacamas 33-[inlay].jpg,3.41,M
Covers/Atacamas 33.jpg,68.12,K
FullDisc/33/VIDEO_TS/VIDEO_TS.BUP,10,K
FullDisc/33/VIDEO_TS/VIDEO_TS.IFO,10,K
FullDisc/33/VIDEO_TS/VTS_01_0.BUP,42,K
FullDisc/33/VIDEO_TS/VTS_01_0.IFO,42,K
FullDisc/33/VIDEO_TS/VTS_01_0.VOB,103.46,M
FullDisc/33/VIDEO_TS/VTS_01_1.VOB,6.83,M
FullDisc/33/VIDEO_TS/VTS_02_0.BUP,66,K
FullDisc/33/VIDEO_TS/VTS_02_0.IFO,66,K
FullDisc/33/VIDEO_TS/VTS_02_1.VOB,1024,M
FullDisc/33/VIDEO_TS/VTS_02_2.VOB,1024,M
FullDisc/33/VIDEO_TS/VTS_02_3.VOB,1024,M
FullDisc/33/VIDEO_TS/VTS_02_4.VOB,1024,M
FullDisc/33/VIDEO_TS/VTS_02_5.VOB,1024,M
FullDisc/33/VIDEO_TS/VTS_02_6.VOB,211.05,M
Los 33 de San JosÃ© (Atacama's 33).txt,3.82,K
Torrent downloaded from Demonoid.me.txt,46,B
