Filename,Size,Unit
[JimSlip.com] Iwia - Sexy Princess.mp4,689.93,M
