User Type,Username,Date,Text
,Flyfisher61,2012-05-17T17:25Z,Thanks!
