Title,Type,Files,Size,IMDB,Spoken Languages,Texted Languages,Tags,Quality (+),Quality (-),Uploaded,By,User Type,Seeders,Leechers,Info Hash,Picture,Capture Date
God_Of_War_2_legendado_PTBR_NTSC_PS2DVD.by filkiu.iso.iso,403,1,4.02 GiB (4318429184 Bytes),,,,,1,0,2012-08-06T04:22:36Z,filkiu,,0,25,CB9F494279E4F1B2828A48334DAFB1736A39F3B7,,2012-09-18T13:55:07Z
