Title,Type,Files,Size,IMDB,Spoken Languages,Texted Languages,Tags,Quality (+),Quality (-),Uploaded,By,User Type,Seeders,Leechers,Info Hash,Picture,Capture Date
Supernatural Season 7 DVD Full,205,6,26.22 GiB (28152774656 Bytes),,English,Spanish,"""supernatural"",""season"",""warner"",""series"",""tv shows""",0,0,2012-10-13T03:53:28Z,fer.96,,12,31,D7EB4EEAB92C1701409DA317911C751AED5D8843,,2012-11-25T14:44:52Z
